-5 3 21
-4 3 21
-5 3 20
-5 3 17
-4 3 21
-4 3 21
-5 3 19
-5 3 18
-5 6 25
-5 3 17
-5 8 29
-5 8 26
-4 3 22
-5 6 24
-4 8 27
-5 8 27
-5 3 18
-4 3 19
-5 6 24
-4 4 22
-4 4 22
-5 6 23
-5 6 23
-5 5 23
-5 8 27
-5 8 27
-5 6 23
-5 6 25
-5 6 26
-4 6 25
-4 3 20
-4 3 20
-5 6 24
-5 3 18
-5 3 18
-4 4 18
-4 3 20
-4 6 25
-5 7 24
-5 7 24
-4 8 27
-5 8 27
-5 4 23
-5 6 23
-4 8 28
-5 6 25
-5 7 24
-4 5 23
-5 5 23
-5 4 22
-5 7 24
-5 7 24
-5 7 24
-4 8 27
-4 3 19
-5 7 24
-4 4 22
-4 6 25
-4 6 25
-5 3 18
-5 3 18
-4 3 18
-5 5 23
-4 6 25
-5 3 18
-4 3 18
-5 3 18
-5 6 24
-5 6 24
-4 7 26
-4 7 26
-5 6 25
-4 3 19
-4 3 18
-5 7 24
-5 6 23
-5 7 24
-5 3 18
-4 3 22
-4 3 21
-4 3 20
-5 7 24
-4 8 26
-4 8 27
-4 6 25
-4 6 25
-4 6 25
-5 4 23
-5 6 24
-5 6 24
-4 6 24
-4 6 24
-5 6 24
-5 7 24
-5 7 24
-4 8 27
-5 6 24
-4 3 17
-4 3 17
-5 8 28
-4 8 28
-4 8 27
-4 4 22
-4 5 23
-4 5 24
-5 6 24
-4 8 26
-5 8 27
-5 6 24
-4 6 24
-4 3 22
-4 7 26
-4 5 23
-4 6 24
-4 4 22
-4 6 24
-4 6 25
-4 5 23
-4 5 23
-4 4 23
-4 6 24
-4 6 24
-4 6 24
-4 7 26
-4 6 26
-4 6 25
-4 6 25
-4 4 22
-4 4 22
-4 4 22
-4 4 23
-4 6 24
-4 3 21
-4 6 26
-4 8 27
-4 4 23
-4 6 25
-4 6 25
-4 5 23
-4 5 23
-4 5 23
-4 3 18
-4 3 18
-4 3 18
-4 6 24
-4 4 23
-4 4 18
-4 4 18
-4 5 23
-4 6 25
-4 6 24
-4 3 19
-4 3 19
-4 6 24
-4 5 24
-4 4 23
-4 6 24
-4 5 24
-4 6 26
-4 6 25
-4 6 25
-4 8 26
-4 8 27
-4 6 24
-4 5 24
-4 4 23
-4 6 25
-4 5 23
-4 3 21
-4 3 20
-4 5 24
-4 5 24
-4 5 24
-4 3 22
-4 3 22
-4 3 22
-4 3 20
-3 8 27
-3 8 27
-4 3 18
-4 3 18
-4 4 23
-4 6 25
-4 3 17
-4 3 17
-4 4 17
-4 8 28
-4 6 25
-4 6 25
-4 3 21
-4 5 23
-4 4 23
-4 5 23
-4 3 21
-3 7 26
-3 6 25
-3 8 26
-4 3 18
-3 5 25
-4 5 25
-4 4 23
-4 6 25
-4 6 25
-4 4 22
-4 5 24
-4 6 25
-4 6 25
-4 3 21
-4 3 21
-4 3 20
-4 6 25
-4 3 19
-4 7 26
-3 4 24
-4 4 23
-4 3 18
-4 4 23
-4 4 23
-4 4 22
-4 3 18
-4 4 18
-4 4 22
-3 8 27
-3 8 27
-4 4 22
-3 8 26
-4 5 24
-4 6 25
-3 6 25
-3 6 25
-4 6 25
-4 3 21
-4 3 20
-3 3 20
-4 3 20
-3 5 25
-3 3 19
-3 4 17
-4 4 23
-3 7 26
-3 6 25
-3 3 18
-3 4 18
-4 4 23
-4 4 22
-4 8 27
-4 3 17
-3 3 17
-3 4 23
-3 4 23
-3 3 22
-4 3 21
-4 3 22
-3 3 22
-3 3 21
-4 5 24
-3 5 25
-3 5 25
-3 3 20
-3 3 21
-3 3 21
-3 8 26
-3 3 18
-3 4 17
-3 4 24
-3 4 24
-3 4 23
-3 8 26
-3 3 23
-3 6 25
-3 6 25
-3 8 28
-3 8 28
-3 8 27
-3 3 21
-3 4 25
-3 6 25
-3 3 22
-3 3 20
-3 3 20
-3 3 21
-3 3 21
-3 3 21
-3 8 27
-3 5 24
-3 4 24
-3 4 24
-3 4 24
-3 3 20
-3 3 19
-3 3 18
-3 8 29
-3 5 25
-3 3 22
-3 3 22
-3 3 23
-3 3 23
-3 3 22
-3 3 18
-3 3 19
-3 3 19
-3 3 24
-3 8 26
-3 3 20
-3 4 17
-3 4 17
-3 4 17
-3 3 19
-3 3 20
-3 3 19
-3 3 18
-3 3 18
-3 3 18
-3 3 23
-3 4 18
-3 3 21
-3 3 22
-3 3 22
-3 3 21
-3 3 19
-3 3 24
-3 3 18
-3 3 19
-3 3 23
-3 3 22
-2 7 26
-3 5 25
-3 5 25
-3 3 23
-3 3 22
-3 3 21
-3 3 24
-3 3 23
-3 5 25
-3 6 25
-3 6 25
-3 6 25
-3 5 25
-3 6 25
-3 6 26
-2 7 26
-2 7 26
-3 4 17
-3 3 19
-3 3 23
-2 8 28
-3 3 20
-3 3 19
-3 4 25
-3 4 25
-3 4 24
-3 3 20
-3 3 23
-3 3 18
-3 3 18
-3 3 23
-3 3 22
-3 3 23
-3 8 27
-2 8 27
-3 3 18
-3 3 24
-3 3 24
-3 3 23
-3 3 22
-3 3 21
-3 4 18
-3 3 18
-3 5 25
-3 4 25
-3 3 23
-3 3 23
-3 4 17
-3 3 23
-3 2 21
-3 3 21
-3 2 20
-3 3 20
-3 6 26
-2 7 26
-3 4 25
-3 4 25
-3 3 20
-2 8 26
-3 7 26
-2 3 23
-3 4 17
-2 3 24
-3 3 24
-3 2 21
-3 2 21
-2 8 27
-2 8 27
-2 4 17
-2 4 17
-3 3 23
-3 3 23
-3 3 24
-2 4 25
-2 4 25
-2 4 25
-3 3 19
-2 3 19
-2 3 19
-2 3 19
-2 2 19
-3 3 22
-3 6 25
-3 3 24
-3 3 24
-3 3 24
-2 3 24
-2 8 27
-2 8 27
-3 2 20
-3 2 20
-2 2 20
-2 2 20
-2 3 24
-2 3 23
-2 3 23
-3 5 25
-2 5 25
-2 3 17
-3 4 18
-2 3 24
-3 2 21
-2 3 18
-2 2 21
-2 3 18
-2 3 18
-2 3 24
-2 3 24
-3 2 22
-2 2 22
-1 8 26
-2 2 22
-2 2 23
-2 2 23
-2 3 19
-2 4 17
-2 4 17
-2 8 28
-2 8 28
-2 2 21
-2 2 21
-2 2 20
-2 2 19
-2 2 20
-2 5 25
-2 4 25
-2 3 19
-2 2 21
-2 2 22
-2 2 23
-2 3 25
-2 4 18
-2 4 17
-2 2 19
-2 6 26
-2 6 26
-2 6 25
-1 6 26
-2 6 26
-2 2 23
-2 2 24
-2 7 26
-2 5 25
-2 3 25
-2 3 25
-2 3 19
-2 3 18
-2 6 25
-2 6 25
-2 2 22
-2 8 26
-2 8 26
-2 8 26
-2 3 24
-2 2 24
-2 2 23
-2 2 23
-2 7 26
-2 3 19
-2 5 25
-2 5 25
-2 3 18
-2 2 24
-2 3 24
-2 2 22
-2 2 20
-2 2 20
-2 2 19
-2 3 19
-2 2 21
-2 2 21
-2 2 20
-2 3 24
-2 3 24
-2 3 24
-2 8 27
-2 4 17
-1 7 26
-2 5 25
-2 2 24
-2 2 21
-2 8 26
-2 2 22
-2 2 23
-2 2 23
-2 3 25
-2 4 25
-2 4 25
-2 4 25
-2 2 23
-2 2 23
-2 2 23
-2 3 25
-2 8 27
-2 8 27
-2 2 21
-2 2 24
-2 2 19
-2 3 19
-1 8 26
-1 7 26
-1 4 17
-2 4 17
-2 3 19
-1 3 19
-1 7 26
0 7 26
-1 3 18
-2 3 24
-2 3 25
-2 3 25
-2 3 25
-2 2 22
-2 2 23
-2 2 22
-2 2 23
-1 7 26
-2 4 25
-2 2 23
-1 4 17
-1 4 17
-2 2 24
-2 2 22
-2 4 17
-1 3 18
-2 2 20
-2 2 20
-1 3 18
-2 2 21
-1 4 25
-1 6 26
-2 2 20
-2 2 24
-2 2 24
-1 2 24
-1 8 27
-1 8 27
-1 8 27
-2 3 24
-1 3 24
-1 2 23
-1 3 19
-2 2 20
-1 2 20
-1 8 26
-1 8 26
-1 8 26
-2 8 27
-1 8 27
-1 4 25
-1 3 19
-2 2 21
-1 2 20
-1 4 25
-1 4 25
-2 2 21
-1 2 22
-1 2 21
-1 2 23
-1 6 25
-1 2 21
-2 4 17
-1 4 17
-1 2 23
-1 8 28
-1 8 28
-1 3 25
-1 3 24
-1 3 24
-1 2 23
-1 2 24
-1 2 24
-1 2 23
0 8 26
-1 2 22
-1 5 25
-1 5 25
-1 2 21
-1 2 21
-1 2 23
-1 2 23
-1 2 24
-1 2 24
0 8 27
-1 2 19
-1 3 19
-1 3 19
-1 5 25
-1 2 23
-1 2 22
-1 3 25
-1 3 25
-1 3 25
-1 3 25
-1 2 20
0 4 17
-1 4 17
-1 3 24
-1 2 24
-1 8 28
-1 2 24
-1 2 23
-1 2 23
-1 7 26
-1 4 17
0 3 19
-1 3 18
0 8 26
-1 6 26
-1 6 25
-1 2 23
-1 2 20
0 3 20
-1 4 25
0 4 25
0 4 25
0 6 25
-1 8 27
-1 8 27
-1 3 24
-1 2 22
-1 2 22
-1 2 21
0 2 20
-1 5 25
0 5 25
0 2 22
0 3 21
-1 4 17
-1 4 17
-1 3 18
0 5 25
-1 8 28
-1 8 28
0 8 28
-1 2 24
-1 2 24
-1 2 24
0 8 26
0 7 26
-1 3 24
-1 3 24
-1 8 26
0 8 26
0 8 26
-1 4 17
0 4 17
0 3 24
-1 2 23
0 2 23
0 3 19
0 3 19
-1 3 25
0 3 24
-1 4 17
0 7 26
-1 4 17
0 8 28
0 3 19
0 8 26
0 2 22
0 3 24
0 3 18
0 3 18
0 3 18
-1 4 25
0 3 24
-1 4 17
0 8 27
0 8 26
-1 6 25
0 7 26
0 6 25
0 3 24
0 3 19
0 5 25
0 3 20
0 3 20
0 8 27
0 8 26
0 4 17
0 4 17
0 8 26
0 3 24
0 3 24
0 4 25
0 4 25
0 8 27
0 3 22
0 5 25
0 6 25
0 7 26
0 7 26
0 7 26
0 4 17
0 4 17
0 4 17
0 3 24
0 3 23
0 4 17
0 3 23
0 8 26
0 8 28
0 3 24
0 8 27
0 4 17
0 7 25
0 7 25
0 3 21
0 4 17
0 4 25
0 4 17
0 4 25
0 5 25
0 5 25
0 3 20
0 3 20
0 3 24
0 3 24
0 5 25
0 3 19
0 3 19
0 4 17
0 4 17
0 3 18
0 3 18
0 6 25
0 6 25
0 4 18
0 8 26
0 8 26
0 8 26
0 4 17
0 4 25
0 3 23
0 3 23
0 4 25
0 4 25
0 4 25
0 3 25
0 4 25
0 4 25
0 3 19
0 6 25
0 6 25
0 3 24
0 3 24
0 3 24
0 3 24
0 3 24
0 3 24
0 3 22
0 3 22
0 3 22
0 3 21
0 3 24
0 3 19
0 4 17
0 4 17
0 3 24
0 8 26
0 4 17
0 4 17
0 7 26
0 3 20
0 3 18
0 3 18
0 5 25
0 4 17
0 3 19
0 3 19
0 3 19
0 4 17
0 3 19
0 8 26
0 4 17
0 7 25
0 8 27
0 8 28
1 8 27
0 3 20
0 3 24
0 3 24
0 3 23
0 6 25
0 6 25
1 4 18
0 8 27
0 3 24
0 7 26
1 8 26
0 7 26
0 8 26
0 8 28
0 3 24
0 3 24
1 3 22
0 4 25
1 5 25
0 4 17
0 3 18
1 4 18
0 3 22
1 3 21
0 3 20
0 7 26
0 7 26
0 8 26
0 8 27
0 8 28
0 3 23
1 7 26
1 4 24
0 5 25
0 4 17
1 8 28
1 3 19
0 4 17
1 4 25
1 3 19
1 7 25
1 7 26
1 3 20
0 4 25
1 4 17
1 8 28
1 6 25
1 4 24
1 8 26
1 8 26
1 8 26
1 8 26
0 4 18
0 4 17
1 4 18
0 4 17
1 3 23
0 3 23
1 7 25
1 3 24
1 8 27
1 7 25
0 5 25
1 7 26
1 7 26
0 4 17
0 4 17
2 7 26
1 3 23
1 3 22
1 6 25
1 3 20
2 4 19
0 4 17
1 4 17
1 4 17
1 4 17
1 4 17
1 8 26
1 8 26
1 3 21
1 3 21
1 3 20
1 3 19
2 8 26
1 4 18
2 4 17
1 5 25
1 5 25
2 5 25
1 8 27
1 8 27
1 4 17
1 4 25
1 4 25
1 5 25
2 4 19
2 8 27
1 8 28
2 5 25
1 4 23
1 4 23
1 5 25
1 4 21
1 4 24
2 8 26
1 4 17
1 4 17
2 7 25
2 8 26
2 8 26
1 4 18
2 4 18
1 8 26
1 4 22
2 7 26
2 4 24
2 8 28
1 4 17
2 5 25
1 5 25
2 6 25
3 4 16
1 4 17
2 4 17
2 4 17
2 7 25
2 7 25
1 4 24
2 4 24
2 4 23
2 4 23
1 4 22
1 4 24
1 3 20
2 4 19
2 8 26
3 8 26
1 4 18
2 4 18
2 4 18
2 8 26
1 4 24
2 4 17
2 5 25
2 5 24
1 4 17
1 5 25
2 6 25
2 4 17
2 4 17
2 5 25
3 5 25
2 7 25
1 3 20
2 4 20
2 4 17
2 4 22
2 4 21
2 4 21
2 4 24
2 8 26
2 4 22
2 4 18
2 4 24
2 4 24
2 4 24
2 4 17
2 4 19
2 8 26
2 6 25
2 5 25
2 5 25
2 6 25
2 8 28
2 8 27
2 7 26
3 7 26
2 8 28
2 8 26
2 8 26
2 4 23
2 4 20
2 4 19
3 5 25
2 4 17
2 4 24
3 5 24
2 4 24
2 4 17
2 4 17
2 4 18
2 4 18
3 8 26
3 8 26
2 4 18
2 8 27
3 7 25
3 6 25
3 4 24
3 4 24
2 4 21
3 4 21
3 4 20
3 7 25
3 6 25
3 4 19
3 4 19
3 8 26
3 8 26
2 8 27
3 8 27
3 6 25
3 8 26
3 8 26
4 8 26
3 4 17
3 4 23
2 4 23
3 4 18
3 4 18
3 5 25
3 5 24
3 6 25
3 6 25
3 4 18
2 4 21
3 4 21
2 4 22
3 4 22
3 7 25
3 7 25
3 8 26
3 4 18
3 8 28
3 8 28
2 4 23
3 4 23
3 4 24
3 5 17
3 4 17
3 4 16
3 4 16
3 4 16
4 8 26
3 6 25
3 5 25
3 4 20
3 4 20
3 4 19
3 4 17
3 4 17
3 4 19
3 7 26
4 7 25
4 7 25
3 5 17
3 5 24
3 5 24
3 8 26
3 8 27
3 8 26
3 5 25
3 4 18
3 4 22
3 5 25
3 5 24
3 7 25
3 7 25
3 6 25
3 4 22
3 4 23
3 4 23
4 8 26
4 8 26
4 6 25
3 7 25
3 4 17
3 5 17
4 5 17
4 5 17
3 4 17
3 5 24
3 8 27
3 4 22
3 4 22
3 8 26
3 4 21
3 4 18
3 5 25
4 6 25
4 6 25
3 4 23
3 5 23
3 5 24
4 5 24
4 5 24
4 8 28
4 8 28
4 7 25
4 4 21
3 4 20
3 4 18
4 4 18
4 4 17
4 4 17
4 8 26
4 5 16
4 5 24
4 8 26
4 6 25
3 5 25
4 8 27
3 8 26
3 4 23
4 5 23
4 5 22
3 5 17
4 5 16
3 8 26
4 8 26
4 8 26
4 5 23
4 8 26
4 7 25
3 5 25
3 5 23
3 4 19
4 6 25
4 6 25
4 4 18
4 4 18
4 7 25
3 4 19
4 4 19
4 4 20
4 4 19
4 4 20
4 8 26
3 4 18
4 5 25
4 4 17
4 8 26
5 9 26
4 4 21
4 4 21
4 8 27
4 8 27
4 6 25
4 6 25
4 6 25
4 5 17
5 5 16
4 5 22
4 5 23
4 4 18
4 4 17
5 8 27
4 5 24
4 5 24
4 5 24
4 7 25
4 5 23
4 5 23
4 5 24
4 5 23
4 5 24
4 6 25
5 8 26
4 4 19
4 8 27
4 8 26
4 7 25
4 4 19
4 4 19
4 4 20
4 4 18
4 5 24
4 5 16
5 5 16
4 5 17
5 4 17
4 6 25
4 5 25
4 7 25
5 7 25
5 8 25
5 8 26
6 8 26
6 8 25
5 8 26
4 5 22
4 4 21
4 4 21
5 5 22
5 4 18
5 4 18
5 4 18
4 5 24
4 5 24
4 5 24
5 6 25
5 6 25
5 5 16
5 6 25
5 6 25
6 5 16
5 5 23
5 6 25
5 5 24
4 4 20
5 4 20
5 4 20
5 5 23
5 5 23
5 4 20
5 4 19
5 4 19
5 5 24
5 5 24
5 4 17
5 4 17
5 8 28
5 8 27
5 5 22
5 8 26
5 6 25
6 6 25
5 6 25
4 4 18
4 7 25
5 7 25
5 5 22
5 7 25
5 9 26
5 5 17
5 5 17
5 4 19
5 4 18
5 5 23
5 6 25
5 4 17
5 8 26
5 9 26
5 5 23
5 4 20
5 4 19
5 4 21
5 4 20
5 5 21
5 5 17
5 5 16
6 5 16
5 5 24
5 5 24
5 5 24
5 5 24
6 9 26
5 8 26
5 5 16
6 5 16
5 6 25
5 5 24
5 4 18
5 4 18
6 4 17
5 9 26
6 9 26
5 5 24
5 6 25
5 5 22
5 5 17
5 4 20
6 5 24
5 8 27
5 9 27
6 8 26
6 8 26
6 5 16
6 5 17
6 5 17
6 6 25
6 7 25
6 7 25
7 6 25
5 4 20
5 4 20
6 6 25
6 6 24
5 4 19
6 4 18
6 5 24
5 5 17
6 4 19
6 4 21
5 4 19
6 4 19
6 9 26
6 5 23
6 5 22
6 9 26
6 9 26
5 8 26
5 7 25
6 4 19
6 8 28
6 8 28
6 4 18
6 4 18
6 8 25
6 7 25
6 7 25
6 5 24
6 5 23
5 4 20
6 4 20
6 9 26
6 5 17
6 5 16
6 5 16
7 4 18
6 4 18
6 8 26
6 8 26
6 8 26
6 5 24
6 6 25
6 5 24
6 5 24
6 5 23
6 5 22
6 5 21
6 4 19
6 4 19
6 6 25
6 6 25
6 6 25
6 4 17
6 5 17
6 6 24
7 5 16
6 6 25
7 6 25
7 5 16
6 4 17
6 4 19
7 9 26
6 8 27
6 9 27
6 9 26
6 5 17
7 5 23
6 5 23
6 4 21
7 9 26
6 5 22
7 5 23
6 4 20
6 4 21
6 4 20
6 4 19
6 4 19
6 4 19
7 4 19
7 4 19
6 5 24
6 6 24
7 6 24
7 4 19
7 4 19
6 6 25
6 5 22
7 8 26
7 5 16
7 8 25
7 7 25
6 5 17
7 9 26
7 8 26
6 5 17
7 5 23
7 7 25
7 9 26
7 8 28
7 6 25
7 6 25
7 5 21
6 4 18
7 4 18
6 4 17
7 5 17
7 5 23
6 5 17
7 5 17
7 7 25
6 4 20
7 9 27
7 5 24
7 5 24
7 5 24
7 5 16
7 6 25
6 5 16
7 4 18
7 6 24
7 5 17
8 6 24
7 8 26
7 9 26
7 9 26
7 5 17
7 5 23
7 4 20
7 4 20
7 4 20
7 8 27
7 8 28
7 6 25
7 6 25
7 4 18
7 6 25
7 4 18
7 4 18
8 7 25
8 7 25
7 4 17
8 5 16
7 5 16
7 5 16
7 4 19
7 5 16
7 5 16
8 9 26
7 8 26
8 5 24
7 8 27
7 4 21
7 8 26
8 8 26
7 7 25
7 8 28
8 8 27
7 4 17
7 4 17
7 4 17
7 5 17
7 5 17
7 9 26
8 9 26
8 5 24
7 4 20
7 4 19
7 5 17
8 5 16
8 9 26
8 5 17
7 5 23
8 5 23
8 9 27
8 5 16
8 8 25
8 6 25
7 5 22
8 5 23
8 7 25
8 7 25
8 6 24
7 4 18
8 5 24
8 5 24
8 9 27
8 6 24
8 6 24
8 9 26
7 6 25
8 4 19
7 4 19
8 4 21
7 5 16
7 5 16
8 4 18
8 9 26
7 7 25
7 5 23
8 5 24
8 5 23
7 9 26
8 9 27
7 4 19
8 4 20
7 6 25
7 4 18
8 4 18
8 4 17
7 5 21
8 9 26
8 9 26
8 4 20
7 4 19
7 6 25
8 6 25
8 6 25
8 4 19
7 5 16
8 8 25
9 8 25
8 5 23
8 5 22
8 5 16
8 9 27
8 4 17
8 4 19
8 4 19
8 9 27
8 9 27
8 6 25
8 6 25
8 6 25
8 5 23
8 5 16
8 5 17
8 5 16
8 4 21
8 4 20
9 4 21
8 8 26
9 5 24
8 5 24
9 9 26
8 9 27
9 9 27
8 7 25
8 7 25
8 4 18
8 6 25
8 9 27
8 9 26
9 7 25
8 7 25
9 7 25
9 8 26
9 8 25
8 4 19
8 5 16
8 5 16
9 9 27
8 5 17
8 5 17
9 5 23
9 5 22
9 5 22
9 8 26
8 6 24
9 5 23
9 6 25
9 6 24
8 4 18
8 4 18
8 5 16
8 4 21
8 5 17
8 5 17
9 6 25
9 5 17
9 9 27
8 4 20
8 4 18
8 4 18
8 4 18
8 4 19
9 6 24
8 6 24
8 4 19
8 4 17
8 5 16
9 5 16
9 5 24
8 5 16
8 5 16
8 5 16
9 5 23
8 4 18
9 9 27
9 9 26
9 4 21
9 6 25
9 5 16
9 9 26
9 9 26
9 5 24
9 5 24
9 6 24
10 5 24
9 5 24
8 5 23
9 5 23
9 9 27
9 9 26
9 4 20
9 4 21
9 4 20
9 9 26
9 9 27
9 9 26
9 5 23
9 6 25
9 6 24
9 5 16
9 5 16
9 5 16
9 8 27
9 5 22
9 4 21
9 9 27
9 6 24
9 4 20
9 9 26
9 9 26
9 5 16
9 9 27
10 5 23
9 5 23
9 6 25
9 6 25
9 6 25
10 9 27
9 5 22
10 5 23
10 9 26
10 9 26
9 8 26
9 6 24
10 8 27
10 6 24
9 7 25
9 7 25
10 7 25
9 9 26
9 9 27
9 9 26
10 6 24
9 8 25
10 7 25
10 7 25
10 4 20
10 9 27
10 9 26
10 9 26
9 4 21
9 4 20
9 4 20
10 5 24
10 5 24
10 6 24
10 8 25
10 5 23
10 6 24
10 9 27
10 9 26
10 6 25
10 6 25
10 5 22
10 5 22
10 5 22
9 4 21
10 4 21
10 8 25
10 8 27
10 9 27
10 4 20
10 4 20
14 5 19
14 5 19
14 5 19
10 9 26
10 4 21
10 4 21
10 9 26
11 4 20
11 4 20
11 4 20
10 9 27
10 7 25
10 5 23
11 5 23
10 5 23
11 4 20
12 4 20
11 4 20
11 4 20
10 6 17
10 4 20
10 6 17
10 6 17
10 5 22
10 5 22
15 4 21
15 4 21
15 4 21
15 4 21
15 4 21
14 6 19
14 6 19
14 6 19
10 6 17
10 6 17
10 4 20
10 5 23
13 4 21
14 4 21
14 4 21
13 4 21
13 4 21
12 4 21
14 4 21
14 4 21
13 4 21
10 7 25
10 9 26
10 6 25
10 6 24
10 6 17
10 6 17
10 6 16
14 4 21
14 4 21
14 4 21
14 4 21
14 4 21
10 7 25
10 6 25
10 9 26
10 8 26
14 4 22
14 4 22
14 4 21
14 4 21
14 4 21
10 5 24
14 4 21
15 4 21
15 4 21
14 4 21
14 4 22
14 4 22
14 4 22
14 4 22
10 6 25
10 6 25
11 5 23
10 5 22
15 4 21
15 4 21
10 6 25
10 6 25
11 9 26
10 5 23
10 6 17
10 6 17
10 6 17
13 4 21
10 4 20
11 9 27
14 4 21
14 4 21
14 4 21
14 4 21
10 6 17
10 6 16
14 4 21
14 4 21
15 4 21
14 4 22
13 4 22
10 7 16
10 7 25
11 7 25
11 7 25
10 6 18
10 6 18
11 9 27
15 4 21
14 4 21
15 4 21
14 4 21
15 4 21
15 4 21
15 4 21
13 4 21
13 4 21
12 4 21
12 4 21
10 6 17
10 6 17
10 6 18
10 5 18
10 6 24
14 4 21
14 4 21
10 7 17
10 6 24
11 5 24
11 5 24
15 4 21
15 4 21
15 4 21
13 4 21
13 4 21
13 4 21
10 9 26
10 9 26
15 4 20
15 4 21
15 4 20
14 4 21
15 4 22
15 4 21
15 4 21
10 7 16
10 7 16
10 6 24
11 6 24
10 7 17
13 4 21
13 4 21
13 4 21
12 4 21
12 4 20
11 4 20
10 9 26
11 9 26
10 4 20
10 6 18
10 6 18
15 5 19
14 5 19
12 4 20
12 4 20
12 4 20
12 4 20
11 4 20
11 4 20
11 4 20
12 4 20
12 4 20
14 4 20
13 5 22
13 4 21
11 9 26
11 9 26
10 5 18
10 7 17
10 7 17
10 7 17
11 6 18
11 6 18
11 6 18
10 4 22
11 8 25
11 8 25
11 9 27
11 9 27
10 9 27
11 9 27
10 7 17
14 5 19
15 5 19
14 5 19
13 5 19
13 4 21
14 4 21
14 4 21
10 6 18
15 4 21
15 4 21
15 4 21
13 4 22
13 5 22
10 7 17
10 7 17
15 4 21
10 7 17
10 6 17
10 4 20
12 4 21
13 4 21
16 4 21
16 4 20
16 4 20
11 6 25
11 6 25
11 9 26
11 9 26
10 7 17
11 9 26
11 9 26
15 4 21
15 4 21
15 5 19
12 5 19
13 5 19
11 9 26
11 6 24
10 7 25
11 7 25
10 6 18
10 6 18
11 6 24
11 6 18
11 6 18
13 4 22
11 8 25
14 4 22
14 4 21
15 4 21
11 9 27
11 4 20
10 4 21
10 6 18
11 6 18
11 7 18
11 6 24
11 6 24
15 4 21
15 4 21
10 10 16
11 10 16
11 10 16
10 5 22
11 5 22
11 5 22
11 9 27
11 4 21
12 4 21
11 4 21
15 4 21
14 5 22
14 4 22
11 9 26
11 6 25
11 6 25
11 6 24
11 9 26
11 6 18
11 5 24
11 5 24
11 5 22
11 7 17
11 7 18
12 7 18
11 6 25
13 5 23
13 5 23
13 5 23
15 4 21
15 4 21
11 6 24
11 10 17
10 10 17
11 10 17
11 6 18
13 5 19
12 6 19
12 6 19
12 5 19
14 4 21
11 4 20
11 4 21
13 4 21
11 7 25
11 9 26
11 4 21
11 4 22
13 4 21
12 4 22
12 4 22
12 4 22
11 8 25
12 8 25
11 5 23
11 7 18
12 7 18
11 5 22
11 4 21
11 5 23
11 5 23
11 5 23
11 4 21
11 5 23
11 5 23
11 5 23
13 4 21
15 4 21
12 5 22
12 4 22
15 5 19
15 5 19
11 9 26
13 5 23
11 9 26
14 4 20
15 4 21
15 4 21
11 9 27
12 9 27
14 4 21
14 4 21
14 4 21
11 6 24
15 4 21
15 4 21
11 7 17
11 7 18
11 7 18
11 5 18
12 8 25
12 6 18
12 4 20
12 4 20
12 6 19
12 6 19
13 5 19
13 6 19
15 4 21
15 4 21
15 4 21
15 4 21
13 5 23
12 5 23
14 4 21
11 5 22
11 5 24
11 5 23
11 10 17
11 6 18
13 4 21
10 10 17
13 5 23
13 5 23
12 5 24
12 6 24
13 5 19
14 5 19
12 6 24
11 5 24
11 9 26
12 9 27
12 9 27
12 8 25
13 7 18
11 9 26
15 4 21
15 4 21
11 5 23
12 5 23
12 6 24
12 5 24
12 9 26
12 9 26
11 7 25
12 5 23
12 9 26
12 9 26
12 9 26
12 9 26
12 10 17
11 6 25
12 6 24
12 8 25
12 5 23
12 5 22
11 5 23
12 5 23
11 6 18
11 6 18
11 4 21
15 4 21
15 4 21
15 4 21
13 5 19
15 5 19
12 4 22
12 7 16
12 9 26
12 9 26
12 7 25
12 6 25
12 5 23
12 5 23
12 9 26
12 9 25
12 9 26
12 9 27
12 9 26
12 6 24
12 5 24
12 7 25
12 7 25
12 7 25
12 9 27
12 6 18
12 7 18
12 9 25
12 6 24
12 5 24
12 10 17
12 10 17
12 10 17
11 4 20
13 9 26
12 5 23
12 6 24
12 9 25
12 8 25
12 9 26
12 10 16
12 10 16
14 6 19
14 6 19
15 4 21
15 4 21
15 4 21
13 9 27
12 9 27
12 7 18
12 7 18
13 9 26
12 6 24
12 6 24
12 6 18
12 4 21
12 10 17
12 10 17
12 10 17
12 10 17
12 5 24
13 8 25
13 8 25
13 9 26
13 9 26
13 9 26
12 10 17
12 10 16
12 10 16
13 7 18
12 9 26
13 9 26
12 10 17
12 10 17
12 10 16
13 9 16
13 5 23
14 5 23
13 5 23
12 10 17
13 10 17
13 7 25
13 7 25
13 6 24
12 10 17
13 10 18
12 10 17
12 10 17
12 10 17
13 8 25
12 9 26
13 9 26
13 9 16
13 9 26
13 9 26
13 9 26
13 10 17
13 9 26
13 9 16
13 9 26
13 9 26
13 10 17
13 10 17
13 9 17
13 9 17
13 9 17
13 10 17
13 10 17
13 10 17
13 10 17
13 10 17
13 10 17
13 10 17
13 9 26
14 9 26
13 9 16
13 10 17
13 10 17
13 8 25
13 9 26
13 9 17
13 9 17
13 7 25
13 7 25
13 7 25
13 9 25
13 9 17
13 9 25
13 10 17
13 9 17
13 9 16
13 9 17
13 10 17
13 9 16
13 8 17
13 9 16
13 9 17
13 8 16
13 8 16
12 5 23
13 5 23
13 10 18
13 10 17
13 8 16
13 7 24
13 7 24
14 9 26
13 9 17
13 8 16
13 8 16
13 7 16
14 7 16
13 10 18
14 10 17
13 8 16
13 8 16
13 8 16
13 9 17
13 9 17
13 9 25
13 5 23
13 5 23
13 8 16
13 7 25
13 8 25
13 8 25
13 9 25
13 8 17
13 8 17
14 9 26
14 9 26
14 9 26
14 9 26
13 9 17
13 8 16
13 8 16
13 9 26
13 8 17
13 9 25
14 10 17
14 10 17
14 10 17
13 8 17
13 8 16
13 8 16
13 8 25
13 8 25
13 9 25
13 9 25
13 9 25
13 8 25
13 7 25
14 8 16
14 9 25
14 9 25
13 8 17
13 8 17
12 4 20
12 4 20
14 9 17
14 8 16
13 8 17
14 8 17
13 8 16
14 4 21
14 6 24
13 9 17
14 9 17
13 6 19
13 6 19
14 6 19
14 9 26
14 9 26
14 9 26
14 9 17
14 8 16
14 8 16
14 8 16
14 9 17
14 8 17
14 8 25
14 7 24
14 7 24
14 7 24
13 10 17
15 4 21
13 8 17
14 9 25
14 9 25
14 8 25
13 6 19
13 6 19
14 9 26
14 9 25
14 9 25
14 4 22
13 4 22
13 4 22
14 8 25
14 8 25
14 6 19
14 8 25
14 8 16
14 8 17
15 4 21
14 9 25
14 9 25
14 8 17
14 9 26
14 8 16
14 8 16
14 10 18
14 10 18
14 10 18
14 8 17
14 8 17
14 8 17
14 8 25
14 9 25
14 7 24
14 9 25
14 8 16
14 8 16
14 10 17
15 10 17
12 4 20
12 4 20
14 8 16
14 9 25
14 9 25
14 10 17
15 10 17
14 10 17
14 8 16
14 8 17
14 8 17
14 9 24
14 7 24
14 7 24
14 10 18
14 10 18
14 10 18
14 7 24
14 9 25
14 9 25
14 8 25
14 6 24
14 7 24
14 6 24
15 10 17
14 9 25
14 9 25
14 8 24
14 8 24
14 9 26
15 9 26
14 7 24
15 7 24
14 9 26
14 9 25
14 9 25
15 8 16
14 8 24
14 8 24
14 8 16
14 8 17
15 8 17
14 7 24
14 7 24
15 10 17
14 10 17
15 9 17
15 9 17
14 6 24
14 8 17
15 8 16
14 9 26
15 9 17
15 9 17
15 9 24
15 9 24
14 7 24
15 8 17
15 9 24
14 6 19
15 6 19
14 6 19
14 6 24
14 6 23
14 8 24
15 6 19
15 6 19
12 4 21
12 4 21
12 5 19
14 10 18
13 6 19
14 7 24
15 10 18
14 10 18
15 6 20
15 6 19
15 6 19
15 8 17
15 4 21
14 9 24
14 9 24
14 9 24
15 9 24
14 6 23
14 6 23
15 6 23
14 8 24
15 9 26
15 7 24
15 8 24
15 7 24
15 7 24
15 10 17
14 8 24
15 8 17
15 10 17
14 8 24
15 6 23
15 6 23
15 9 24
15 9 24
15 8 24
14 6 23
15 6 23
15 6 23
15 7 23
15 8 17
15 9 25
15 7 15
15 8 24
15 9 25
15 9 24
15 9 25
15 9 26
15 4 21
15 10 17
15 9 17
15 7 24
15 7 24
15 7 23
15 10 17
15 10 18
15 8 24
15 8 16
15 8 16
15 8 24
15 9 24
15 9 24
15 8 24
15 8 17
15 8 24
15 8 24
15 10 17
15 7 23
15 8 16
15 8 16
16 8 16
15 6 23
15 6 23
15 9 26
15 9 23
15 9 23
15 9 24
15 9 23
15 9 23
15 6 23
15 6 23
15 9 26
15 7 24
15 8 24
15 6 23
15 6 23
15 10 18
15 10 18
15 10 18
15 10 17
15 6 19
15 7 24
15 9 24
15 9 17
15 6 23
15 6 22
15 6 19
15 6 19
15 6 19
15 8 24
15 8 24
15 8 24
15 6 22
15 6 23
15 7 23
15 9 26
16 9 17
15 10 18
15 8 17
15 8 17
15 8 17
16 8 16
15 8 16
15 7 24
15 8 16
15 8 16
16 8 15
16 8 15
15 7 24
16 9 24
15 9 26
16 9 17
15 8 17
16 9 25
15 7 24
15 6 22
15 6 22
15 6 22
15 10 18
15 5 23
15 5 22
15 5 22
15 8 23
15 8 24
15 6 22
15 7 23
15 6 22
15 7 22
15 7 22
15 7 22
16 7 22
15 9 25
15 9 26
16 9 26
15 7 24
15 7 23
14 4 21
12 4 21
16 8 23
15 9 26
16 9 26
15 8 16
15 10 18
15 5 22
15 5 22
15 5 22
15 10 18
15 7 23
16 7 23
16 7 23
15 9 24
15 9 24
16 9 23
15 7 24
15 7 24
15 7 24
16 7 23
15 9 23
16 9 23
16 7 23
16 7 23
15 6 20
16 6 20
16 8 17
16 8 17
15 8 24
15 6 19
15 6 19
15 6 19
16 6 19
16 10 17
15 6 22
16 6 22
15 9 23
16 9 23
16 9 23
16 9 24
15 7 23
16 7 23
16 10 17
16 10 17
16 7 20
16 7 19
16 9 26
16 9 26
15 9 23
16 9 23
15 10 17
16 10 17
16 10 17
15 5 22
16 5 22
15 5 22
15 7 22
15 5 22
15 5 22
16 5 22
16 9 23
16 10 17
15 7 24
16 9 26
12 4 21
15 5 19
15 10 18
13 6 19
16 7 22
16 7 22
16 8 17
15 7 24
16 9 17
16 9 17
16 9 17
15 9 23
15 5 22
16 5 21
16 5 21
16 10 18
16 10 17
16 5 22
16 8 23
16 8 23
16 6 20
16 6 20
16 6 20
16 10 17
15 9 17
16 7 22
16 7 21
16 7 21
16 7 21
16 8 17
16 8 17
16 8 16
16 7 23
16 6 21
15 10 17
16 5 21
16 6 19
16 6 20
16 7 19
16 7 19
14 6 19
13 6 19
16 7 23
16 5 21
15 4 21
16 9 23
16 9 23
16 9 22
16 9 25
16 9 24
16 6 21
16 6 21
16 6 21
16 7 21
17 9 26
16 5 21
16 4 21
15 4 21
16 8 17
16 5 22
16 6 21
16 9 23
16 9 23
13 4 21
15 4 21
16 10 18
16 7 20
16 7 23
16 9 17
16 6 20
16 6 20
16 6 20
16 6 20
16 6 21
16 6 20
16 8 16
16 8 16
16 7 22
16 5 20
16 5 20
16 5 19
16 9 22
16 9 22
16 9 25
16 8 23
16 8 23
13 6 19
16 6 21
16 6 21
16 5 21
16 5 21
16 9 25
16 9 23
16 8 16
16 8 16
16 5 20
16 6 20
16 9 23
16 9 23
16 9 23
16 7 20
16 7 19
16 4 21
16 9 22
16 7 22
16 9 23
16 8 23
16 8 23
16 6 21
17 9 25
16 9 26
16 7 23
16 7 23
16 9 23
16 5 21
16 5 21
16 5 21
14 4 21
16 10 18
16 10 18
16 6 20
17 8 17
16 6 21
16 7 20
16 7 23
16 9 22
16 6 20
16 6 21
16 5 21
16 5 20
16 7 23
17 7 22
16 6 20
16 9 24
17 9 24
17 7 20
17 7 20
16 9 26
17 9 26
16 9 25
17 9 26
16 9 22
16 9 22
16 7 22
16 6 21
16 8 16
16 10 18
16 4 20
16 5 20
17 8 17
16 9 22
16 10 22
16 10 22
16 9 22
16 9 22
16 5 20
16 5 20
17 9 25
16 9 22
16 5 21
16 5 21
16 9 23
16 6 20
16 5 21
16 5 21
16 7 21
16 5 20
16 7 21
16 5 20
16 5 20
16 5 20
16 5 20
16 10 17
17 7 20
16 5 21
16 10 17
16 9 22
16 9 21
16 9 22
16 10 22
16 8 23
16 8 22
16 8 23
16 7 22
17 7 22
16 5 20
16 5 20
16 5 21
16 5 20
16 5 20
16 8 16
17 8 16
17 8 15
16 5 20
17 9 25
16 5 20
16 8 15
17 8 15
16 9 23
17 9 23
16 10 22
17 9 25
17 9 25
16 5 21
13 4 20
16 5 20
16 7 23
16 9 21
16 9 22
17 8 16
17 8 22
16 9 22
17 8 17
16 10 22
16 8 23
17 7 22
16 9 22
16 10 22
16 9 17
17 9 17
17 10 22
17 9 21
17 8 22
17 10 22
17 7 22
17 7 21
17 7 23
16 10 17
17 9 21
17 9 21
17 9 21
16 8 15
17 7 22
17 7 22
17 7 21
12 4 21
12 4 21
17 8 22
17 7 22
12 6 19
11 6 18
12 5 19
12 5 19
17 9 25
16 10 23
17 10 22
17 8 16
17 7 22
17 7 19
17 7 22
17 9 23
17 10 22
17 7 19
17 7 20
17 7 19
17 7 20
11 4 20
17 9 21
17 9 21
17 9 21
17 9 24
17 9 23
17 9 26
13 6 19
17 8 21
17 10 22
11 5 19
17 10 22
17 10 22
17 7 22
17 7 20
17 9 23
17 7 21
17 9 25
17 10 22
17 10 21
17 10 22
15 4 21
15 4 22
17 7 21
17 9 22
17 10 22
17 9 23
17 9 23
13 6 19
17 9 20
17 9 20
17 9 21
11 5 19
17 8 21
17 7 19
17 7 19
17 9 21
17 8 21
17 10 22
17 9 22
17 7 19
17 8 21
17 9 21
17 9 21
17 9 21
17 7 22
17 8 21
17 7 19
17 7 20
17 10 22
17 8 21
17 9 20
17 8 20
17 9 23
17 9 23
17 7 20
17 7 20
17 10 21
17 9 23
17 9 23
17 9 22
17 9 22
17 9 23
17 9 23
17 9 23
17 8 21
17 7 20
17 7 20
14 5 22
17 8 20
17 8 19
17 7 20
17 9 23
17 8 21
17 7 20
17 7 21
17 9 24
17 9 24
17 9 23
17 9 24
17 8 20
17 8 20
17 8 20
17 8 20
17 8 20
17 8 20
17 7 20
17 7 21
17 7 21
17 9 23
17 9 23
17 9 23
17 9 23
17 9 23
17 9 24
17 9 25
17 9 23
17 8 23
17 8 21
17 8 20
17 8 21
17 8 21
17 9 23
17 8 21
17 8 23
17 9 23
18 8 22
17 9 23
17 8 21
17 9 23
17 8 21
17 9 23
17 8 21
17 9 23
17 9 24
17 9 23
10 4 20
11 4 20
10 5 18
11 5 19
10 6 18
11 6 18
11 4 20
10 6 18
11 4 20
11 5 19
11 4 21
11 6 18
11 6 18
12 6 18
11 4 21
12 6 18
12 5 22
12 6 18
12 5 23
12 5 23
12 5 23
12 5 23
12 5 22
12 5 23
12 5 23
13 6 19
13 5 23
13 6 19
13 6 19
13 6 19
14 6 24
14 6 24
14 6 24
14 6 23
15 5 22
15 4 22
15 6 19
15 5 23
15 5 23
15 4 22
15 4 22
15 5 19
16 5 20
16 4 21
16 5 20
16 5 20
12 5 23
12 6 19
13 6 19
13 6 19
12 4 21
15 5 19
13 5 23
14 5 23
12 6 18
12 5 22
12 5 23
13 5 23
14 6 23
12 4 22
14 6 23
13 4 22
13 4 22
10 5 18
10 5 18
10 5 18
12 6 18
15 6 19
11 5 19
11 4 20
13 5 23
13 5 23
11 6 18
11 6 18
11 4 21
12 5 23
14 6 24
13 5 22
13 5 22
13 5 22
12 5 22
11 6 18
15 6 19
11 4 20
11 5 19
11 5 18
11 5 19
12 5 19
13 5 23
15 6 19
13 5 22
12 6 18
12 6 18
12 6 18
11 6 18
11 6 18
11 6 18
13 4 22
11 6 18
11 4 20
15 4 22
10 8 17
10 8 17
10 8 17
10 10 17
10 10 17
10 10 17
10 10 17
10 8 17
10 7 17
10 7 17
10 8 17
10 7 16
10 7 16
10 7 17
10 7 16
10 7 17
10 8 17
10 10 17
10 7 17
11 7 17
11 10 17
11 10 17
11 7 16
11 7 17
11 7 18
11 8 18
11 10 17
12 10 18
12 7 18
13 7 18
13 7 18
12 10 18
13 10 18
13 6 18
14 7 18
13 7 18
13 7 18
13 7 18
13 7 18
13 7 18
14 7 18
13 10 18
14 7 18
14 7 18
13 10 18
13 10 18
14 7 19
13 10 18
14 10 18
15 6 19
14 10 18
14 10 18
14 7 18
15 10 18
15 7 19
15 10 18
15 10 18
15 10 18
15 10 18
15 9 18
15 10 18
14 9 18
15 7 19
15 7 19
16 7 19
16 10 18
16 10 18
16 10 18
16 10 18
16 7 19
16 10 18
16 10 19
16 10 19
17 10 19
17 10 21
17 9 21
16 7 19
17 9 20
16 9 20
17 9 20
17 9 20
17 9 20
17 9 21
17 7 19
17 8 20
17 9 20
17 10 21
17 10 21
17 8 19
17 8 20
17 10 19
17 7 19
17 7 19
17 8 20
17 7 19
17 8 19
17 7 19
10 9 17
10 9 17
10 9 17
10 7 16
10 7 16
14 10 18
14 9 18
15 9 18
17 9 20
17 9 20
16 9 20
15 7 19
16 7 19
16 7 19
17 8 19
17 8 19
16 8 19
13 10 18
13 10 18
13 10 18
16 10 18
16 10 18
14 7 18
14 7 18
12 10 18
12 10 18
12 10 18
16 10 18
16 10 18
16 9 20
16 9 20
12 9 18
12 10 18
10 10 17
10 10 17
10 10 17
10 10 17
10 9 17
10 9 17
10 9 17
16 10 19
16 10 19
16 10 19
11 10 17
11 10 17
11 10 17
10 7 17
11 8 17
11 7 17
11 8 18
10 8 17
10 8 17
10 8 16
16 9 20
17 8 19
16 10 19
16 10 19
16 10 19
14 10 18
15 10 18
16 8 18
15 7 18
16 7 18
17 7 19
10 7 16
11 7 16
11 7 16
16 10 19
10 7 17
10 7 17
16 10 18
16 10 19
16 10 19
15 7 19
16 10 18
16 10 18
16 10 18
10 8 17
10 9 17
10 9 17
17 9 20
10 9 17
10 9 17
10 9 17
10 10 17
14 10 18
10 10 17
16 10 19
16 10 18
17 8 19
17 8 19
17 8 19
17 8 19
16 10 19
16 10 19
16 10 19
12 7 18
14 7 18
14 7 18
16 10 19
16 10 19
10 8 17
10 7 17
10 8 17
16 9 18
15 9 18
15 9 18
13 10 18
13 10 18
10 9 17
10 9 17
17 9 20
16 10 18
16 9 20
17 9 20
17 9 20
10 9 17
10 9 17
17 7 19
10 8 17
10 9 17
14 8 18
14 8 18
14 8 18
10 9 16
10 8 16
13 8 18
17 8 19
17 8 19
17 8 19
15 7 18
14 7 19
15 7 19
16 7 19
16 9 20
16 9 20
16 9 19
10 9 17
10 9 17
10 9 17
10 9 17
10 9 17
10 7 17
10 7 17
16 7 19
16 7 19
16 7 19
16 10 19
16 10 19
16 7 19
16 7 19
16 7 19
14 7 18
14 7 18
11 9 17
11 9 17
11 9 18
13 9 18
13 10 18
13 10 18
16 7 19
16 7 19
10 10 17
10 10 17
12 10 18
16 7 19
16 7 19
16 8 19
17 10 20
11 10 17
11 10 17
11 10 17
17 8 19
17 7 19
10 8 17
10 8 17
10 9 17
13 10 18
13 10 18
13 10 18
16 7 19
16 7 19
10 10 17
17 8 19
17 8 19
17 8 19
14 9 18
14 8 18
14 8 18
17 7 19
17 7 19
17 7 19
17 10 21
17 10 21
17 10 21
15 8 18
15 8 18
15 8 18
16 7 18
15 7 18
15 7 19
15 7 18
17 10 21
17 10 21
10 9 17
16 9 19
16 9 19
10 9 17
16 10 19
10 9 17
10 9 17
10 8 17
17 7 19
10 10 17
10 10 17
10 10 17
17 10 21
17 10 20
17 8 19
16 10 18
16 10 18
17 8 19
15 8 18
15 8 18
15 8 18
11 8 18
11 8 17
11 8 17
10 7 17
10 7 17
14 10 18
14 10 18
16 10 19
13 7 18
10 8 17
17 7 19
17 7 19
14 7 18
10 9 17
10 8 17
17 7 19
16 7 19
17 7 19
16 9 19
16 9 19
14 8 18
17 8 19
17 8 20
17 8 20
17 8 20
16 7 19
16 10 18
17 10 20
14 7 18
14 7 18
16 9 20
17 7 19
14 7 18
15 7 18
15 7 18
11 7 17
11 7 17
16 9 19
16 9 19
16 9 19
14 7 18
14 7 18
16 10 19
11 8 17
11 8 17
16 7 19
16 7 19
16 7 19
17 8 19
15 8 18
15 9 18
15 10 18
16 10 19
10 10 17
10 9 17
10 9 17
12 10 18
16 9 20
16 9 20
12 10 18
10 8 17
11 8 17
10 8 17
17 8 19
12 9 18
11 9 18
15 9 18
14 9 18
15 8 18
14 7 18
15 7 18
16 9 20
10 8 17
10 8 17
11 9 18
11 9 18
11 9 18
13 9 18
11 9 18
12 9 18
10 9 17
10 9 17
10 8 17
10 9 17
13 10 18
10 8 17
17 7 19
16 8 19
16 8 19
16 8 19
11 8 17
16 10 20
17 10 20
13 8 18
14 7 18
10 9 17
10 9 17
14 7 19
14 7 18
10 8 17
10 8 17
10 7 17
17 8 19
10 8 17
11 10 18
10 9 17
10 9 17
12 8 18
13 8 18
12 8 18
12 9 18
12 9 18
17 10 20
17 10 21
16 10 20
16 10 19
16 10 20
10 10 16
10 10 17
13 10 18
13 9 18
10 7 16
10 7 16
10 7 16
16 7 19
10 10 17
10 10 17
17 8 19
10 10 17
10 10 17
10 10 17
16 10 19
16 10 19
17 10 21
16 8 18
16 8 18
16 9 19
16 9 19
16 9 19
14 10 18
13 9 18
14 9 18
14 9 18
14 9 18
10 7 16
16 8 19
16 9 19
16 9 19
14 10 18
14 10 18
11 8 17
11 9 17
10 8 17
11 8 18
12 8 18
12 8 18
14 10 18
14 10 18
10 8 17
10 9 17
12 8 18
12 8 18
16 9 18
16 9 18
16 9 18
10 8 16
10 8 16
11 10 18
10 8 17
10 9 17
10 8 17
14 10 18
16 8 18
16 8 18
16 8 18
12 8 18
12 8 18
14 7 18
15 7 18
16 10 19
15 7 18
16 8 19
16 10 18
16 9 19
16 9 18
16 8 18
12 9 18
12 9 18
11 9 18
10 9 17
16 10 18
16 10 18
12 8 18
13 8 18
14 7 18
16 7 19
17 10 20
17 10 20
13 10 18
17 8 19
16 7 19
16 8 18
16 7 18
10 8 17
10 8 17
10 8 17
14 10 18
17 8 19
16 8 19
16 8 19
16 10 20
16 10 20
16 10 19
16 10 18
15 10 18
17 10 20
11 8 17
13 10 18
13 10 18
13 10 18
11 9 18
11 9 18
15 8 18
15 8 18
16 10 19
10 7 17
10 8 16
10 9 16
10 8 16
16 8 19
16 9 18
16 10 18
12 9 18
12 8 18
12 8 18
16 9 18
16 10 19
10 10 17
10 8 17
12 9 18
11 8 18
16 9 18
16 9 18
16 7 19
16 7 19
16 7 19
16 10 19
14 7 18
10 9 17
11 9 18
11 9 17
11 9 17
11 8 18
11 8 18
11 8 18
16 9 19
17 7 19
17 7 19
15 9 18
17 9 20
17 9 20
17 8 20
10 7 16
15 10 18
15 10 18
16 10 19
10 10 17
10 10 17
10 10 17
13 8 18
10 8 17
17 7 19
10 8 17
10 8 17
10 10 17
10 10 17
10 10 17
10 8 17
10 8 17
10 9 17
10 9 17
10 9 17
10 9 17
16 9 19
16 10 18
16 9 18
16 9 18
11 8 17
11 8 17
10 9 17
10 9 17
12 7 18
11 8 17
11 8 17
10 9 17
10 9 17
10 8 17
10 8 17
10 9 17
16 10 18
16 10 18
16 10 19
16 9 19
16 10 18
16 9 19
16 9 19
10 9 17
10 9 17
13 9 18
14 8 18
10 9 17
10 9 17
16 9 19
16 9 18
10 10 17
17 8 19
12 8 18
12 7 18
11 10 17
11 10 17
16 8 19
16 8 19
13 9 18
14 9 18
13 9 18
15 9 18
15 9 18
11 9 18
11 9 18
13 8 18
13 8 18
13 8 18
16 7 19
16 7 19
16 9 18
16 9 18
11 8 17
16 9 18
15 9 18
10 9 16
10 9 16
10 9 16
16 9 19
16 9 19
16 9 19
16 8 19
16 9 19
17 8 19
16 9 19
10 8 17
16 8 18
15 7 18
10 9 17
10 9 17
16 8 18
16 8 18
11 10 17
10 8 17
17 7 19
11 9 18
16 7 19
16 7 19
16 10 18
10 9 17
16 8 19
17 7 19
17 7 19
17 7 19
17 7 19
16 9 18
13 9 18
13 8 18
13 8 18
15 7 18
10 9 16
10 8 16
16 9 19
11 10 17
16 8 19
16 8 18
16 9 18
16 9 18
11 9 18
11 8 18
10 8 17
10 8 17
10 8 17
10 8 17
10 8 17
12 9 18
12 9 18
12 9 18
10 9 17
10 8 17
10 8 17
10 8 17
14 7 18
15 7 18
10 10 17
10 10 17
13 9 18
13 9 18
11 9 18
12 9 18
16 10 20
16 10 20
10 10 17
10 10 17
16 9 18
16 8 18
16 9 18
16 7 19
10 8 16
12 7 18
11 8 18
16 10 19
11 8 17
11 8 18
11 8 18
16 7 19
10 8 17
14 8 18
13 10 18
10 8 16
16 9 18
13 9 18
10 10 17
15 8 18
11 8 18
10 9 17
16 9 19
10 9 17
10 9 17
16 8 18
16 8 18
10 9 17
12 7 18
11 9 18
10 9 17
11 9 18
16 9 19
10 10 17
12 8 18
16 10 20
12 8 18
10 9 17
16 8 18
16 8 18
13 10 18
15 8 18
12 9 18
16 8 19
13 8 18
11 9 18
16 8 19
16 8 19
13 9 18
16 8 18
16 9 19
16 9 19
16 9 19
12 8 18
11 8 18
11 8 18
10 8 17
10 10 17
10 9 17
12 8 18
11 10 17
13 9 18
13 8 18
13 9 18
11 8 18
11 8 18
11 8 18
10 8 17
10 8 17
10 8 17
16 9 19
16 8 18
16 8 18
16 8 18
11 8 18
11 9 18
16 8 18
16 8 19
16 8 19
17 8 19
11 9 17
17 8 19
16 7 19
16 7 19
11 9 18
17 7 19
17 7 19
17 7 19
17 8 19
16 7 19
16 10 19
16 8 19
16 8 18
16 8 18
16 10 19
16 10 19
17 7 19
17 8 19
16 9 18
16 8 19
16 8 19
16 8 19
16 8 19
16 8 19
17 8 19
17 8 19
16 8 19
16 8 19
16 8 19
